2024-09-20,Axel,8,1

2024-09-20,Axel,4,1

2024-09-21,Axel,5,1
